[0, 0] 1 [0, 0]
[0, 1] 1 [0, 0]
[0, 2] 2 [0, 0]
[0, 3] 3 [0, 0]
[0, 4] 5 [0, 0]
[0, 5] 7 [0, 0]
[0, 6] 64 [3, 0]
[0, 7] 64 [0, 7]*
[1, 0] 64 [1, 0]*
[1, 1] 64 [1, 1]*
[1, 2] 64 [1, 2]*
[1, 3] 64 [1, 3]*
[1, 4] 64 [1, 4]*
[1, 5] 64 [1, 5]*
[1, 6] 64 [1, 6]*
[1, 7] 64 [1, 7]*
[2, 0] 64 [2, 0]*
[2, 1] 64 [2, 1]*
[2, 2] 64 [2, 2]*
[2, 3] 64 [2, 3]*
[2, 4] 64 [2, 4]*
[2, 5] 64 [2, 5]*
[2, 6] 64 [2, 6]*
[2, 7] 64 [2, 7]*
[3, 0] 64 [3, 0]*
[3, 1] 64 [3, 1]*
[3, 2] 64 [3, 2]*
[3, 3] 64 [3, 3]*
[3, 4] 64 [3, 4]*
[3, 5] 64 [3, 5]*
[3, 6] 64 [3, 6]*
[3, 7] 64 [3, 7]*
[4, 0] 64 [4, 0]*
[4, 1] 64 [4, 1]*
[4, 2] 64 [4, 2]*
[4, 3] 64 [4, 3]*
[4, 4] 64 [4, 4]*
[4, 5] 64 [4, 5]*
[4, 6] 64 [4, 6]*
[4, 7] 64 [4, 7]*
[5, 0] 64 [5, 0]*
[5, 1] 64 [5, 1]*
[5, 2] 64 [5, 2]*
[5, 3] 64 [5, 3]*
[5, 4] 64 [5, 4]*
[5, 5] 64 [5, 5]*
[5, 6] 64 [5, 6]*
[5, 7] 64 [5, 7]*
[6, 0] 64 [6, 0]*
[6, 1] 64 [6, 1]*
[6, 2] 64 [6, 2]*
[6, 3] 64 [6, 3]*
[6, 4] 64 [6, 4]*
[6, 5] 64 [6, 5]*
[6, 6] 64 [6, 6]*
[6, 7] 64 [6, 7]*
[7, 0] 64 [7, 0]*
[7, 1] 64 [7, 1]*
[7, 2] 64 [7, 2]*
[7, 3] 64 [7, 3]*
[7, 4] 64 [7, 4]*
[7, 5] 64 [7, 5]*
[7, 6] 64 [7, 6]*
[7, 7] 64 [7, 7]*
